dry_peat_volume = 239413.412309blocked dams:(array([124, 210, 334], dtype=int64), array([127, 365, 314], dtype=int64))   DATE: Thu Nov 29 16:37:04 2018    Montecarlo steps = 1dry_peat_volume = 238596.448813    blocked dams:(array([153, 186, 251], dtype=int64), array([160, 404, 335], dtype=int64))   DATE: Fri Nov 30 00:35:29 2018    Montecarlo steps = 1000dry_peat_volume = 238596.448813    blocked dams:(array([153, 186, 251], dtype=int64), array([160, 404, 335], dtype=int64))   DATE: Fri Nov 30 09:27:36 2018    Montecarlo steps = 1000
 dry_peat_volume = 238596.448813    blocked dams:(array([153, 186, 251], dtype=int64), array([160, 404, 335], dtype=int64))   DATE: Fri Nov 30 09:28:25 2018    Montecarlo steps = 1000
 dry_peat_volume = 238749.844109    blocked dams:(array([128, 253, 268], dtype=int64), array([393, 334, 216], dtype=int64))   DATE: Fri Nov 30 09:35:20 2018    Montecarlo steps = 5